4 5 25 10 1
4 25 10 1 2
4 3 9 12 15
2 36 36
4
4 8 6 3
6
4 8 6 3 5 7
100
17 5 5 8 11 8 20 26 26 26 14 8 20 32 29 29 26 20 17 32 11 11 32 20 11 17 11 11 23 14 26 14 11 14 5 23 20 8 29 17 5 20 32 26 14 32 32 20 5 17 29 26 11 29 5 26 32 17 29 17 20 8 11 14 29 14 17 14 23 14 20 23 23 5 5 32 14 26 20 32 8 23 8 23 23 17 29 29 26 8 32 5 8 11 23 23 17 29 8 5 
101
11 17 5 5 8 11 8 20 26 26 26 14 8 20 32 29 29 26 20 17 32 11 11 32 20 11 17 11 11 23 14 26 14 11 14 5 23 20 8 29 17 5 20 32 26 14 32 32 20 5 17 29 26 11 29 5 26 32 17 29 17 20 8 11 14 29 14 17 14 23 14 20 23 23 5 5 32 14 26 20 32 8 23 8 23 23 17 29 29 26 8 32 5 8 11 23 23 17 29 8 5 
0