1
2
3
4
5
6
7
8
9
10
11
12
13
14
15
16
17
18
19
20
21
22
23
24
25
26
27
28
29
30
31
32
33
34
35
36
37
38
39
40
41
42
43
44
45
46
47
48
49
50
2835
4857
9886
8844
4806
2174
2238
5346
1610
4780
6502
197
9513
8439
5
514
5065
1364
6192
5240
7752
6351
8076
8737
9595
4768
9540
3181
9896
7283
3016
2091
7942
8807
9230
5102
1389
202
4673
8895
9530
7943
9104
5643
3217
256
7576
6517
2587
8424
6563
3454
5680
9610
5025
5157
9636
6653
5623
998
521
5549
7979
3396
5446
3361
5774
5506
2348
1398
6550
3163
8854
1028
7323
2865
2788
6311
3534
5776
7248
5675
6374
8043
1894
4554
880
5474
953
3979
9656
6673
5921
509
8046
6010
4293
9698
7689
7785
7461
1530
8938
5603
5650
9489
4732
9239
8024
5176
9285
467
5951
588
4057
9866
8785
4695
1234
8911
3243
1053
8210
5710
581
3419
3272
2740
6558
8351
5799
1377
8939
5405
2593
281
7084
2850
1138
8200
907
1691
2289
1566
9095
1515
9137
178
6327
9442
1629
3915
2609
7600
8761
5266
9475
5644
8798
6696
5301
773
4236
7436
8407
82
1619
1267
7303
5526
2876
5173
2274
1422
5920
3475
392
8324
5963
6686
1004
16
6505
8079
8859
6971
452
209
4574
8273
5577
7646
3106
2108
8879
6688
653
4143
5806
1869
5279
2168
901
4452
7132
5154
858
7440
4772
4769
9549
3942
5362
7969
5512
2949
3037
4866
6364
3311
5331
2736
4263
5668
5808
9508
4669
7223
6645
8486
473
5148
1112
3788
2867
6839
9792
7512
2195
3882
7493
7078
3349
3782
2553
2769
1106
3917
4378
4089
3088
5093
1082
2691
7568
1103
3845
7064
8886
9297
3772
5860
9517
2247
1978
628
2238
5263
6832
1701
513
2186
8491
1156
6515
4604
1063
6802
3105
3411
9798
7739
752
9735
4833
4279
7952
1569
2394
9712
2233
3294
7750
5083
5936
6474
3496
214
9224
3594
4811
8275
2490
9468
5722
6104
6320
9342
6949
544
2321
8173
8700
7270
2646
3892
6518
8853
717
6473
3184
3722
3251
3199
6677
7193
8749
1848
3035
6137
164
143
6017
8380
4175
1925
4700
9788
2002
5338
5583
9908
1767
2144
4897
7767
8356
7729
4804
5706
7498
4856
2977
8204
7857
5499
9641
2900
2470
7431
9542
3293
6794
4019
1428
146
9263
2578
4368
8111
7964
5267
6588
8585
7502
709
6963
721
8168
8944
6542
3370
4813
105
475
5144
5098
2338
7735
383
85
8267
7464
9838
2783
5782
1889
9513
6115
6030
6914
1688
8985
8835
6774
4056
7626
827
5850
7385
2286
120
8956
4040
1570
7973
5576
224
4627
360
6658
2529
5438
1441
8730
6969
5729
9579
9000
3179
1308
9135
3389
612
3723
4701
7267
883
3772
3179
1364
6860
613
2115
6497
5415
9479
4294
5776
6317
8151
2804
5808
9955
9739
3138
1439
619
2803
6857
3743
6497
4728
2759
2494
5439
9715
5390
1283
8939
5087
8256
7978
3353
2070
1411
7632
1285
9208
9803
7264
790
6116
4989
2939
7602
7799
9167
6012
8603
6621
2029
2616
8324
6086
7917
2324
6227
681
621
5736
2046
3281
2088
2326
8617
8155
4660
7465
8232
5459
4317
8049
1465
3454
5669
8489
8977
5966
3356
1884
5258
8119
5838
7350
7487
6679
8494
8298
6724
1726
5014
1631
6911
6249
6679
6931
7503
4385
3690
9513
9274
9745
562
19
7635
1718
6938
3362
2616
3134
4925
7088
1510
9031
6313
3858
3798
9809
5255
9151
7717
9417
7883
6935
7845
5091
1634
8971
3520
2945
931
4629
6710
6852
8875
7606
4855
9758
4391
5692
7596
5783
6622
6297
4050
2340
440
1657
2816
1866
3019
1088
4699
1675
1758
5256
83
1486
2806
5460
3147
8409
9108
1078
6490
25
12
1755
7341
3639
2479
8097
4558
1184
6747
2542
6368
7728
4972
87
4413
215
2043
224
6818
5362
9187
9399
3411
6841
8978
9560
3643
1850
9417
8754
3789
8446
532
3596
5482
9552
6934
900
8226
8840
5275
7452
1670
9998
6523
3512
8215
3500
2827
3967
5634
3499
3815
752
574
9689
7456
5059
3041
8985
381
9579
1703
2673
50
8461
4871
9339
8780
2583
2231
7404
9962
5013
2526
6450
8648
6536
5314
9789
7350
487
3627
2441
3080
1322
7977
9339
4343
2844
6043
5349
1137
4392
3824
1538
5435
4283
8122
1017
6886
5098
5312
4433
9146
6638
8246
4731
2408
9727
1448
1729
2678
4929
8353
8392
979
4796
2110
5269
9719
3502
3234
3391
2208
2800
1124
2428
6712
5529
6050
1761
94
6330
1684
3935
7905
5848
3919
495
2758
495
9017
2873
8189
1576
2017
9492
5510
525
2806
2430
7333
3937
1146
4464
9577
7859
6015
3607
5314
1709
9417
7199
1110
2253
6779
9948
7773
2719
8103
6765
2108
7721
9967
8106
7891
8963
5485
5670
2992
255
771
5897
6615
7345
8671
608
4367
1915
4106
86
2944
9852
1540
8430
2489
3043
2552
736
602
2615
2729
2415
2687
7305
2615
3165
6016
5792
6345
7338
6613
1831
9697
7315
5458
6665
9857
5040
2410
1329
9403
5226
7402
5251
9946
5753
8601
7
2478
325
7240
3318
8447
6366
2229
4846
7134
1689
4307
2518
445
1267
2500
4869
4311
974
5228
387
3969
8383
760
7614
3494
9232
9771
4083
2475
1604
9593
4972
2414
968
8059
1828
4082
5765
3102
6186
9159
3573
7420
4540
1645
3687
6378
8966
1753
1089
5224
976
9775
3254
8757
8988
7670
5654
8940
8559
253
5403
1592
5120
148
5996
9088
2081
5281
7546
9266
7633
8007
9680
8698
7468
3828
8142
6850
6587
8205
6896
4420
3737
269
5779
8769
260
4162
9645
5305
256
718
7532
941
8362
3691
8588
6573
4585
7529
9165
8911
7878
8177
6628
3683
4927
1576
9522
9635
7659
7069
2697
3832
2519
8436
2921
6787
3483
2749
1065
4460
3984
2249
2952
8907
4007
258
2285
8558
3954
3561
4636
4559
9213
5718
3817
5217
8677
6834
450
8146
4694
3278
7759
5897
6601
5356
9936
9931
8365
3983
1842
7661
2644
9780
5346
464
3651
6502
7104
774
2197
592
8152
27
5752
1924
8140
3899
9533
9850
5479
2578
8980
5906
2559
582
9352
5003
7997
1005
3520
286
3771
962
2979
4425
3748
9652
91
5038
4717
6694
665
1373
109
2692
6858
9972
3131
8409
4401
6275
8819
3273
9923
68
4600
6684
5169
6192
2131
5495
4309
3908
3958
7149
8913
2187
2595
7095
3442
9051
1008
574
4112
568
8336
2774
5778
8508
5691
3141
9785
6218
5645
544
4024
6640
5940
7222
294
4647
7246
1464
780
6024
4326
9315
1468
5120
4376
2665
5256
4647
2735
9829
1731
7686
4918
8125
6015
831
8520
9437
113
8761
4846
7452
9986
1966
2739
6808
9238
6878
4781
8682
436
402
5539
5222
8904
1205
1572
7700
48
7817
429
4193
330
1620
8805
9683
1158
3536
9010
4496
2591
3089
1974
7942
4113
2054
3544
3249
956
4544
7942
5535
6981
3359
9616
1404
9861
3100
5251
840
71
2313
7989
7382
6218
3353
2538
5626
469
2521
9660
2797
259
8057
3378
9236
8760
2341
3724
5835
405
466
6086
7948
9074
7837
7098
6595
2962
4211
6421
8679
2064
6490
980
3158
8843
3532
526
9881
2095
3306
1102
3261
9320
7386
6619
3645
6272
6660
731
8761
7890
9956
4143
5698
360
2744
4685
9908
6802
9645
3567
3708
5251
9782
8974
3043
7990
5075
3455
4949
7353
6414
2361
2211
5917
564
1396
6120
3342
7653
6694
2117
5244
9491
2196
9121
9656
3478
5448
7632
9935
4050
6653
3876
841
6829
5023
2788
1351
6296
8131
1921
1534
6765
5533
4806
9176
5054
2525
9346
6596
636
1351
8151
2572
3885
6561
8348
4019
9695
3549
4765
2981
5496
424
4486
4938
5460
1616
7757
9444
8220
9343
382
2985
3686
2914
5649
5454
5879
4224
8697
2730
84
3464
8935
8465
1418
4250
5733
2376
4158
981
1185
6119
4369
5155
2925
7230
4892
679
5805
352
1430
8868
3035
9272
7101
1821
1825
1860
3387
4303
3337
1889
5881
4410
4474
6212
1293
7538
6030
75
8407
9199
4872
3196
8360
454
8189
7703
8942
7519
8175
5459
3384
7555
9472
6639
8429
8553
3621
4113
639
3075
9993
37
4120
4975
2582
2490
6691
6244
6279
8781
4886
4623
6575
1844
2473
2239
3468
6701
1491
1454
7297
1161
6149
9239
8405
3240
3723
11
5052
6661
1095
5710
1743
2021
9953
3745
9656
2001
3591
5681
6203
3650
8454
5864
5986
1152
7997
8195
7119
7899
1668
9181
5680
690
6913
3104
3507
3380
4912
5921
8180
3151
7262
9188
8057
7464
5186
2505
2424
9981
6142
6811
8565
6799
5265
6661
5572
2479
507
4964
2985
626
7389
6864
2626
4138
1247
824
5921
3598
672
1358
726
9716
3391
8566
7497
5283
1262
399
7389
2743
6651
1410
6166
2171
6871
4501
5386
841
8667
5655
8020
3214
7358
4885
6460
7397
5050
7161
7386
6825
6361
307
9475
9886
8217
1915
5747
8681
9006
7837
896
5719
2453
9865
9569
6075
8108
6205
1890
7208
32
1141
2139
8997
9951
7396
1811
5208
4516
9403
2449
3830
7932
126
7905
1917
3058
2852
6826
2810
8356
4447
6597
6844
1834
4586
3673
4074
9772
6610
8052
3909
4303
7438
2756
371
2570
6597
6170
3336
9582
9394
2443
1908
9229
101
9331
4879
1497
7436
7984
5889
6027
4399
3877
5367
8841
1806
7574
3862
4359
4915
6380
6707
2116
802
1244
6734
5095
6604
2022
3738
7582
3692
5903
1399
591
371
3180
9085
1193
7796
1348
1046
7176
6480
8267
1717
1292
3135
6278
8649
9261
6478
158
3205
6497
75
9465
395
5027
1518
9408
9966
3118
5102
2339
3283
5862
974
1408
3197
7809
7795
6307
1757
8486
2839
5783
9531
712
6794
1833
3854
3495
4011
7975
9593
1564
8270
4424
8354
2452
3955
967
4997
5702
3904
4620
7855
6869
9888
9907
8199
7636
1980
4352
4671
1745
1252
2864
2653
1920
8473
6625
2473
1516
5657
4880
9045
8232
4279
5771
7388
2859
5672
9303
1040
538
3502
849
8088
4111
1120
9309
9760
3373
4489
656
2399
7721
8136
4343
4371
70
6769
42
742
4376
8993
797
5312
468
6278
6881
1562
4550
2966
4037
2164
101
5280
5629
7911
3568
3583
5422
6063
1471
9696
5542
9206
825
6283
7734
2729
3928
5664
6758
2512
9668
6366
4772
3213
2685
4330
3383
5529
148
3999
1596
216
2310
6868
5182
8604
2544
7892
6762
4330
1468
1636
9843
7847
6981
3133
4873
1466
4481
5200
8339
5494
5521
4289
6814
6504
8831
4704
8109
7309
2095
2951
3441
8422
5167
6324
6411
1939
1090
2780
7245
8942
5871
3522
4619
9693
2208
8169
451
428
132
1589
3264
8131
7705
8054
2923
105
1986
6578
4655
8963
556
2756
1801
9008
9514
6871
2672
132
1140
1845
6392
1525
6097
6029
2229
7146
1457
5552
1378
9495
5025
2699
7986
8715
4211
9144
5949
9929
5501
1475
3311
4195
784
4723
682
6835
892
2539
3614
5866
1911
5102
7025
1632
6292
7706
3774
6096
2846
8854
75
5576
4239
3379
5380
2706
2569
2155
5827
6834
1908
1665
6333
2279
8859
6402
1114
4542
2918
5102
358
6455
8312
3626
7668
4834
5436
7163
2432
5359
5855
4237
3546
469
2707
8674
9838
9251
3874
7075
7278
9423
4214
8897
2910
1174
8686
7777
3117
7929
8840
7015
189
1966
7692
6802
2265
5593
9615
4005
1091
5265
1426
1757
4168
9612
1283
3647
3492
4188
1398
5220
1289
7907
5758
5233
9837
1073
8275
7654
5572
7544
5920
3897
1215
3576
3596
7631
6832
415
9563
6337
4099
9521
7644
5764
2608
2806
6768
6789
1415
7967
5620
7310
3877
3842
3835
7747
15
4530
5741
6202
6989
2976
3906
9647
8235
4327
8312
2326
8520
4960
6335
6137
1445
1491
1397
7483
6723
9956
8676
8217
8974
5776
5399
3106
1169
4085
3586
9068
652
4759
4671
4778
7603
2915
1787
3025
5690
2111
5921
4535
4337
582
9704
3748
3872
342
4985
4611
7366
7961
55
1751
3556
8613
2732
3476
1771
4970
853
1122
8734
8645
5943
7079
8304
6402
4572
3
3143
5665
2920
8678
5057
1558
4228
7751
6830
4558
7192
4369
3005
9844
4590
5972
1707
3152
8291
1139
170
5936
6515
7284
8638
2588
366
7846
6056
3250
9522
7108
5326
4635
2409
5747
2167
297
9750
1488
5345
9082
6534
5964
2286
5668
7477
3512
6594
5092
5799
9657
9873
6221
5463
5508
5599
8120
5414
1709
8899
9489
6798
258
3742
734
7850
7941
4437
5933
6681
9354
8423
5882
9445
6154
2359
9903
4518
5451
4388
9064
4505
349
3480
7726
1921
3717
2224
6728
9732
3738
2968
5717
5082
509
5900
3993
4034
2970
3980
4153
5648
4331
7199
3587
3408
215
4910
5195
2395
6328
4903
2301
4850
6098
8502
9897
310
5216
7978
5555
2342
3490
2879
5522
1725
869
1754
9932
4975
7714
532
3148
9143
5196
5739
2955
7882
2645
8832
2340
5754
3291
3652
4384
6394
1010
1729
7379
2389
106
8519
1761
7475
9024
6523
6985
5663
2930
2860
7164
7182
8841
6606
4257
2734
7223
1285
6335
1700
3501
3301
4226
5999
4194
2113
3985
6657
6148
4919
8444
2457
3668
5001
1008
2514
9351
6015
4582
8325
1614
9073
9951
675
3508
7789
2643
4989
1333
2813
8437
2476
1541
2273
2525
6769
2674
147
705
6997
8253
3531
3077
3222
181
1507
5096
2295
1449
7805
9371
4929
5902
7238
298
9094
1120
7368
5900
486
9147
1242
6845
776
5849
5024
1761
8103
8068
7104
982
1090
393
4450
4009
174
3249
1170
9195
4385
7548
4882
8016
4559
293
9574
9841
7814
5248
642
3381
6045
4569
7791
1208
580
6448
415
8711
4125
2464
299
236
3614
1890
4836
5391
3999
2195
1012
9565
5918
8159
4035
2421
7477
5588
2097
8748
5984
3062
5191
4152
1799
7579
7561
1299
3316
6204
7550
5267
6366
5594
196
7423
287
530
9052
1137
790
2721
9833
28
7634
7013
3216
7138
5942
8825
1605
9963
2510
2490
3623
4997
8380
7153
3614
2662
7786
958
7465
6515
9803
4052
7304
5845
715
8222
2178
5223
181
7121
3144
9970
3497
6269
5429
6256
1627
6020
2193
9741
8503
4575
3704
671
4632
8455
5939
676
7292
703
3285
3278
9985
3647
7181
2571
4418
1556
2949
2549
9117
5119
1113
9125
1217
5505
8141
9801
2539
725
4915
9225
7148
6280
428
8938
5945
6355
9942
8745
9595
1655
3370
3262
5168
157
7192
6007
3157
2690
9468
2065
7825
9787
3447
9738
4979
5931
8037
679
8024
8489
9044
1815
6150
5713
7366
8797
593
1593
6759
5145
4367
1114
6247
6140
9523
272
1853
9234
7304
6577
6092
7656
2086
3463
1475
6910
6652
9135
1379
4853
3523
7961
5493
5372
4065
8829
3049
9307
9196
8887
2415
4100
834
7475
9450
949
1440
7672
5578
1792
6136
2912
85
7065
81
7699
6355
7068
5930
2390
2068
7687
7191
6374
5158
7942
8807
5418
9582
2174
6955
6727
5205
9606
83
631
732
711
4945
5748
8221
7077
1483
4868
5322
1060
336
6752
895
4002
1639
9904
2459
7825
1108
8216
6691
7174
9030
8925
2926
3460
565
7355
7895
1713
891
3417
3702
7806
5707
3133
267
500
467
1465
822
8117
5719
8578
1077
3862
8339
9377
9057
140
5632
8971
4008
6214
6831
8615
526
1286
707
2116
9983
6084
3114
324
1373
2950
1122
9055
6653
7476
5552
4604
6582
3712
9807
1968
3764
7340
558
50
3287
8060
8518
4858
7749
7970
8528
5706
1645
8735
5103
2544
3797
3477
1448
1667
429
4869
872
4518
6725
9820
467
5420
5962
1809
3990
263
7914
2517
421
9445
3771
1604
6650
4613
2634
3757
9096
7732
5863
2677
5395
5486
8063
9524
4607
2356
9687
1877
5414
6820
2558
7681
2202
7179
8218
864
7769
1011
9584
5747
9982
1612
6194
7896
9068
3242
37
4329
6362
4522
7885
8267
6104
5677
865
8229
3578
8616
2518
3518
6806
9174
8840
1129
2395
1818
2000
5512
1868
604
4181
7906
4679
6078
5154
2446
9513
830
3557
2282
2931
3318
4585
2917
3179
3662
1681
7597
249
2773
24
6351
9254
2794
9554
8087
2813
5509
2809
6595
7377
7659
5195
234
2160
9777
3818
5545
3357
1296
8409
4179
4678
5205
640
9850
8616
9812
7914
3815
4661
2750
7758
5915
6789
9223
1513
8492
3744
3512
7102
5275
3027
6759
8288
7578
7830
4819
4001
5152
131
9931
2825
1901
3345
5874
5550
4953
194
8758
9142
1825
871
7376
251
8206
4178
7931
3897
4359
6375
784
2736
6512
2697
4840
791
944
9838
6432
6516
2077
2041
8803
9825
25
6911
8734
9454
507
7905
8786
8148
7461
7301
2371
6152
7756
5513
6386
1568
3495
8309
7024
6221
7564
3639
2123
881
9389
2842
8350
8732
2819
2914
9062
2966
8591
6720
6343
6806
9114
2624
6942
3628
8415
8304
6866
2000
4142
1082
3703
9070
7726
4012
2076
6518
2366
7348
1119
1157
7099
6799
9675
9869
9211
7858
5107
8466
3763
5777
5489
6516
2213
7826
9456
919
81
2266
845
2748
7153
84
9441
1105
6244
7003
9385
4738
9159
8997
7130
6507
2931
2513
6593
5622
2365
9653
6163
684
1372
7516
3732
2348
8541
1582
8504
1485
7146
3419
102
8010
3466
8558
2862
2037
4700
2706
8702
7222
5171
6192
7037
460
5208
4249
4514
4404
7313
4820
1087
5091
4089
8090
8481
7500
2194
9698
7329
1616
8682
7265
7144
1650
4481
3087
1376
6631
8634
5850
7271
3118
5405
4120
1371
2036
8782
3422
5533
694
5735
7772
6688
3874
2180
6385
1943
1937
9114
4765
2580
3607
5401
9590
9964
9768
7016
3324
9481
3352
3895
5265
6280
8251
1175
3584
5972
1571
9514
5915
4428
467
4343
451
5994
5386
5601
4318
8164
3328
1108
8581
8291
9057
3044
8731
1929
857
8490
4649
1584
5160
7292
3222
8719
9386
3913
4265
8429
6902
4105
3306
1630
3455
2640
9160
2902
4894
1635
8368
509
8628
8404
9402
1482
8143
5344
9860
9472
8223
8480
1593
3339
2342
6064
4391
3256
7255
7902
9875
428
3458
5464
204
4755
260
9306
1574
3847
5665
2253
6566
5609
9442
5044
2447
5998
7575
7305
966
7358
9505
4643
1708
1160
8609
3407
4360
8609
5265
6844
203
6480
183
704
2055
3685
3138
7138
7279
1337
598
6459
7944
2347
5476
1312
4522
3500
2719
714
730
3732
7449
6266
1634
5506
1921
4978
188
1451
4390
74
3041
2014
8739
6652
7345
7163
746
1338
7418
3758
8587
4630
4574
9469
5663
9501
8458
5372
1266
6876
5943
3034
6727
4132
5131
8840
5788
9803
144
5863
9708
4150
8395
4435
712
5306
6961
2989
1633
964
6403
2985
3804
4516
6571
690
526
4538
8649
668
2222
2612
7391
8743
4814
3989
7801
1485
9587
421
7278
4087
5264
7517
8108
8991
3441
6420
7401
9418
9535
2159
3233
8876
8107
8984
8530
8717
4401
3761
2836
2770
3897
2175
4785
8305
1417
1339
1145
3525
2012
2852
3211
8757
8759
3086
4626
2261
3323
8778
6037
8799
80
3861
2204
586
5442
5496
8355
9170
3139
6635
3630
6754
2596
6827
9269
5020
7484
9578
8884
2449
1844
6038
6297
3405
9179
5161
117
9107
8854
3163
7111
3153
5575
7446
7058
4083
4331
2508
3651
3545
8219
8790
4345
2709
9003
3609
270
4301
8514
2232
2421
8274
4445
3266
4682
3482
1918
1450
4888
2662
4753
3775
4851
6456
7480
8253
5595
8258
2860
9745
6575
4151
2685
985
2352
4413
5951
3715
153
4163
9417
730
156
9043
3367
9609
6281
2222
2223
9794
1401
6406
1540
3663
7135
4560
6286
9259
7030
1140
8861
6106
82
9089
6863
6405
1812
2556
9129
5769
4213
3790
9880
5373
281
8753
3359
4913
4904
5734
2654
8009
2178
5114
6192
6992
3830
2593
5967
8840
4483
9079
7110
4980
4580
8471
272
852
46
2079
9873
8112
7794
718
6884
6756
4967
9302
4947
8149
8826
2367
2528
8380
9772
1855
6597
1697
4721
5967
452
9938
539
2873
1310
7777
9263
8164
2742
5939
6176
9558
8020
2127
5843
3005
4141
9523
1918
5913
8547
286
3467
400
2091
7351
8377
8585
4600
1719
1137
315
7597
7711
1551
8621
5135
6533
6639
739
6948
2746
5921
6501
8185
7208
8013
5813
2822
5607
2816
4546
2506
5471
6246
2728
6072
6724
8724
3365
3187
5107
5352
9536
4292
6828
702
9283
5638
6206
9483
5526
8337
9960
2398
7896
6492
5660
1230
7398
2523
847
238
4943
7158
1012
7565
5472
9378
5282
9212
384
2864
1108
6933
4098
1521
6406
2182
7227
6114
2921
7805
7594
3657
5657
5246
9689
8338
4495
7918
9042
6416
930
2825
2939
7624
8260
7523
3644
4455
2343
6895
7870
8091
1101
4055
928
9646
7829
1201
2043
3112
9301
613
1912
534
5112
3382
4780
5582
5075
328
9746
8669
4344
4591
4032
3428
5121
7351
7739
7735
9565
5875
9092
5399
6628
4536
9766
2903
6203
5470
6282
4346
7115
4899
9817
9559
8623
3588
4189
2896
8758
1161
1522
5135
6848
6419
1715
6645
9100
9425
4601
2248
1243
7652
1206
5787
2573
8102
6741
2896
7506
1363
4310
3756
39
2678
1797
7462
1000
9125
6092
7324
286
9504
1111
5578
293
1180
5730
2855
4700
7389
3222
7977
161
8028
8863
8658
4863
5681
3404
4206
7122
2839
3314
4788
5174
3286
141
5564
2795
4745
7613
7053
7801
626
3151
1575
3498
5571
947
3280
7732
4109
9038
7105
6109
6925
9360
7418
9497
4067
2873
7938
2808
8714
8233
3808
9447
8839
5040
1761
1248
179
6036
3810
4899
4669
5658
6329
7139
2984
9311
4976
6529
9238
4951
167
5970
5434
2244
9733
6692
7664
5872
1797
7694
4990
6977
7703
4134
5512
5838
3543
2658
8188
6017
2533
3314
9556
9790
9627
9696
4682
7454
6699
3680
8277
4757
4590
3688
7545
6382
1161
8748
2930
7774
6836
1174
5967
108
4174
7902
376
6275
1648
2448
7808
2431
8788
5436
2515
5276
188
2484
6669
3302
856
8201
8874
3122
8656
2870
9995
2853
5911
6839
9053
9173
3566
5472
8111
1933
9922
8257
4081
4748
4540
5300
9440
4631
9193
4623
3827
3364
113
5404
1583
1039
1324
3183
3966
8087
2410
9390
5484
7635
6226
8764
9809
3647
6572
1120
9232
110
1032
5804
6884
3532
1695
3779
5723
3177
1244
125
4717
7994
4158
8674
6523
187
4096
1780
3619
5273
2822
6192
7085
6809
8425
8598
1077
4583
9262
9741
5411
9518
8295
7159
719
9451
6516
1744
2721
3679
5933
8697
1511
7947
2717
4589
9261
227
5430
2779
2194
2517
7100
474
5315
6504
2634
8603
2008
887
1353
8902
9237
7476
990
4626
8965
9835
9009
6451
3317
2741
4547
3329
8860
5827
873
3912
8881
4343
3616
3583
1048
4339
5240
7382
9885
5306
7986
2591
2743
8785
7129
2933
710
9208
5475
3070
3733
6430
8505
388
4197
8485
9054
7629
6760
32
2025
762
3211
5905
1610
5595
614
166
4692
6642
5994
3623
5666
9997
9302
594
8742
4551
2425
1586
3211
4772
6293
9270
9249
6026
3324
2344
1585
897
9324
9781
4012
2402
3456
8762
4465
8422
6018
3425
3251
3861
7557
6461
5134
4507
6621
8307
3685
9288
2788
2674
8376
4972
3536
6763
1976
4059
9036
6552
1307
4837
921
9528
9472
7600
3236
9365
7836
4999
585
2646
627
5610
6984
6350
6924
3779
6801
4624
8998
4546
6503
2182
5125
2007
8557
5148
7613
7195
8120
3694
9012
2504
74
621
457
8894
1292
5801
337
149
9092
9600
1546
9399
1915
9666
9705
5371
2916
7334
4984
9317
1554
6166
2351
9305
9213
6399
2847
2945
9515
7158
9603
5921
5539
121
5106
9724
3106
1461
3275
3711
616
6514
9235
9300
8666
4815
6589
6944
5034
7129
6522
2188
9669
7874
3596
165
4199
7375
8606
8237
8703
1731
2490
3995
7226
4806
2554
6245
470
6122
2124
8883
1346
8907
1777
4334
7831
4742
2075
3878
4817
468
7065
9753
9705
3064
7355
7580
5427
2968
8704
7343
6538
4811
6419
1793
1597
4558
5012
4635
5328
5044
6747
3915
6912
5739
9225
1275
4504
4238
6243
4826
6913
3880
1232
5722
1727
2783
7795
4888
6765
5670
9825
7048
8084
2150
9883
224
1521
757
5097
7239
2723
5572
9778
6608
4718
3065
9327
9925
9000
3460
7663
2943
5739
1891
4632
465
8176
7492
3683
6913
1027
638
1119
6332
9578
8974
2843
1553
4418
9826
948
3467
6736
6535
3858
2
7592
2016
2992
4892
4648
8227
4821
3641
1227
7016
7033
6611
2317
3399
6069
4903
4673
5827
9128
1269
6524
7651
6663
3114
5106
5222
2349
7010
3112
4535
3960
2128
3626
8705
8857
4549
2359
9399
8326
3371
6031
8446
7923
3347
3643
3789
1099
4875
1459
8773
4361
6793
7860
4619
1790
8678
5734
7270
2958
1948
395
3741
2917
3703
4601
3163
6034
2259
20
8917
8875
8281
1738
1693
6179
9800
7932
5153
2588
5091
5469
4762
1443
5515
8607
8023
6929
3643
5894
4206
2643
5342
8687
5434
4350
3147
1093
3470
8350
4290
2717
3111
9981
1526
9194
8205
6117
9770
6263
6315
1307
2664
2871
5177
7173
7213
2533
9285
4240
2210
7290
4237
3914
4336
5420
1953
3129
9439
6121
4104
2045
4616
9083
540
3033
4576
89
7675
5164
7792
5831
7134
1215
6354
1698
6889
9195
4811
872
7922
9521
1738
7204
5768
8757
7606
8664
5196
2416
2197
4830
5648
417
7687
5883
2208
6286
1753
9652
3084
334
507
1636
5572
2535
5296
1244
9275
3190
3005
4063
8672
8866
3759
79
1223
3617
8027
9973
7649
7063
7470
1423
9162
8985
3850
8170
3653
169
7092
2858
4783
2940
9095
3309
9004
579
2743
897
1357
2607
6128
7515
1718
1683
3575
2650
6308
4043
4742
1638
8891
888
1066
6712
3805
4474
6470
4334
7112
1615
2472
9787
5272
1595
2200
642
3352
8141
8448
7667
7753
7057
3123
3519
9299
929
6533
4328
1265
3706
351
9474
6919
6532
4384
9842
8708
9089
91
2080
372
1051
3056
9922
3903
3719
2954
2191
3691
7562
4121
2811
1931
6848
9246
1759
8846
5872
5956
7720
3689
2325
5262
1650
2435
4478
9722
5007
7177
7313
3677
3275
8407
8223
5708
1772
8407
6799
2377
1708
7668
7600
4398
4936
3754
7196
2843
6437
7082
5439
4525
5472
8867
4656
1837
8347
5706
9723
1124
3623
5221
3257
2915
6225
6066
805
7322
1262
1646
9603
4478
2641
6251
9909
8412
2926
5790
9788
1254
3184
3669
1003
8407
4860
6098
6347
8107
7930
4681
9455
7614
9569
1809
8221
8560
8282
3736
589
5783
9862
9888
800
8118
7113
8881
2320
1621
8865
8166
483
7738
3310
5008
3039
3356
6480
3829
8734
5384
6936
1772
8030
9893
6885
4635
209
5707
3846
830
3073
4737
1289
2789
5388
6074
1708
8956
9492
7173
9639
3048
8823
6878
534
2269
2408
1989
5795
932
7127
753
4433
5656
4690
1805
3592
5995
4550
3780
7869
5166
3156
6192
4559
2341
4131
2342
630
6681
596
5271
8331
4046
7010
7169
1628
4286
3704
8428
7601
7906
352
5388
4098
5446
9661
2389
7289
1350
5431
5080
7422
2275
8654
2493
3911
3960
8389
2406
5709
5125
835
7690
3977
1716
6261
6107
2145
2276
5862
7043
5983
3321
2143
6259
3169
7817
1355
2444
153
3000
5492
1409
9167
1478
4896
6729
3186
8190
8497
3989
8924
8824
486
3969
4828
7998
2444
1383
586
4166
5161
9560
1202
8232
40
498
132
6686
2134
5633
423
2565
2740
9179
5282
732
5795
2519
4965
9718
9151
2446
6158
6438
873
1245
1477
3747
9374
2358
8483
768
5489
5338
9077
8381
6662
9798
7781
7629
6999
8742
1024
4807
2349
1331
2233
3356
7256
799
8120
3372
146
3103
7398
608
4069
9222
5742
3897
8467
5606
1856
5014
9705
8163
9430
9137
8971
5302
6050
2412
8302
1251
7887
1280
7105
9194
8344
4701
8681
9046
290
7615
2169
8123
3815
1782
4758
2730
9408
7471
8233
5123
5100
872
9580
5930
9128
136
443
1875
5047
9605
498
8221
1568
2797
4950
9426
6653
3297
1443
919
703
577
3088
6318
8690
5675
2923
1877
9748
9854
7465
2187
3320
1491
6850
9413
9234
3336
9574
4303
505
7712
29
6443
6066
3447
7215
9835
7015
7871
3226
1826
1248
7226
7208
4338
8028
3977
7055
986
5609
7477
9126
6628
2870
1167
9539
5028
683
1536
4603
4175
4748
4467
6831
9953
9888
4841
1778
8862
5493
6472
8809
3034
269
7720
6703
4669
7885
1956
8683
5349
2689
8164
2917
6544
3970
6469
9928
1818
3045
8135
5435
452
6912
6320
4019
9949
2784
9544
2776
2731
209
4397
3986
4946
9042
264
1579
6670
412
8440
1259
6123
8837
6781
8410
7291
1035
9623
7370
4580
9196
9403
8754
9147
8658
2152
3378
8005
8886
2303
2206
7682
1853
7412
3749
441
7236
6754
2184
8090
4721
7216
8501
8530
4308
3548
329
3224
2443
2026
8400
2408
188
3619
9545
9342
9962
3367
2622
5843
2468
8659
1383
4902
5311
829
8346
2168
4221
1223
4219
8851
7272
3987
4438
2181
8179
2795
877
7330
8947
381
9055
1689
3782
7032
1227
5943
6345
3357
3874
3202
227
3395
1003
8342
3960
257
4719
1266
3954
5222
1998
5809
6561
9671
6234
6857
1552
5708
9155
1928
8806
3031
20
6442
9681
4839
441
4994
6915
8932
201
7131
5307
2214
2661
2729
8373
6091
7593
1437
8878
7129
2219
8551
3684
6562
8363
9143
8799
5463
3310
7822
4589
9682
401
5352
8169
5272
1818
1894
7400
1523
4747
5815
5097
7146
9191
5787
4123
7615
3129
3110
6865
8954
4948